WGC ID	Original Sample Name	type	RNA-Seq ID	病理亚类	Gender1M2F	Age	Location：1，2，3，4	Borrman 0，1，2，3，4	Diameter	grade	Lauren 1肠型2弥漫型3混合型	Node 淋巴结0=n0,1=n1(2个）。2=N2（6个）。3=N3a（<15个）。4=N3b(16个以上）	淋巴结阳性总数	Depth T	Meta：0无；1有	Vessel 0：无；1：有	TNM分期,1=1a.2=1b.3=2a.4=2b.5=3a.6=3b.7=3c.8=4	根治0是1否	Status 0活1死	Time,月	ABO血型:1A;2B;3O;4AB；0缺乏	CEA 1高	CA199 1高	CA724 1高	AFP 1高
WGC013272	952N-L	N																							
WGC013273	952T-L	T		9	1	59	3	2	5.0 	3	3	4	17	4	1	1	8	1	0	6	0	0	0	0	0
WGC013274	712N-L	N																							
WGC013275	712T-L	T	Sample_WGC013028R	17	1	55	3	2	5.0 	1	1	0	0	3	0	0	3	0	0	40	3	0	0	0	0
WGC013276	694N-W	N																							
WGC013277	694T-W	T	Sample_WGC013030R	13	2	56	3	2	3.0 	2	1	2	4	4	0	0	6	0	0	40	3	1	0	0	0
WGC013278	698N-L	N																							
WGC013279	698T-L	T	Sample_WGC013032R	2	1	59	2	2	4.0 	2	1	0	0	2	0	0	2	0	0	46	2	0	0	0	0
WGC013280	710N-W	N																							
WGC013281	710T-W	T	Sample_WGC013034R	15	2	59	2	1	8.0 	4	3	1	1	3	1	0	8	1	1	8	4	0	0	0	0
WGC013282	353N-W	N																							
WGC013283	353T-W	T	Sample_WGC013036R	13	1	57	1	1	5.0 	2	1	3	14	4	0	1	7	0	0	56	3	1	1	0	0
WGC013284	375N-L	N																							
WGC013285	375T-L	T	Sample_WGC013038R	13	2	76	3	3	6.0 	2	1	1	2	3	0	0	4	1	1	8	2	0	0	0	0
WGC013286	373N-L	N																							
WGC013287	373T-L	T	Sample_WGC013040R	1	1	63	3	2	4.0 	3	3	2	3	3	0	0	5	0	1	37	1	0	0	0	0
WGC013288	440N-W	N																							
WGC013289	440T-W	T	Sample_WGC013042R	11	1	73	3	2	6.0 	2	1	2	6	2	0	0	3	0	1	33	1	0	0	0	0
WGC013290	677N-L	N																							
WGC013291	677T-L	T	Sample_WGC013044R	5	1	59	4	4	10.0 	3	2	4	16	4	0	0	7	1	1	24	2	1	0	0	1
WGC013294	807N-L	N																							
WGC013295	807T-L	T	Sample_WGC013048R	1	1	62	1	2	8.0 	2	1	1	1	4	0	0	5	0	0	36	3	0	0	0	0
WGC013296	788N-W	N																							
WGC013297	788T-W	T	Sample_WGC013050R	8	2	33	4	3	10.0 	3	3	4	22	3	0	0	6	0	0	30	1	1	1	0	1
WGC013298	711N-W	N																							
WGC013299	711T-W	T	Sample_WGC013052R	17	1	69	3	1	7.0 	2	1	2	3	4	0	0	6	0	1	36	3	1	0	0	1
WGC013300	717N-L	N																							
WGC013301	717T-L	T	Sample_WGC013054R	1	1	67	3	2	8.0 	3	3	0	0	2	0	0	2	0	0	40	3	0	0	0	0
WGC013302	573T-W	T	Sample_WGC013055R	12	1	80	2	3	5.0 	1	1	1	1	2	0	0	3	0	0	40	1	0	0	0	0
WGC013303	573N-L	N																							
WGC013304	577N-W	N																							
WGC013305	577T-W	T	Sample_WGC013058R	13	1	50	2	2	3.0 	2	1	3	10	2	0	1	5	0	0	43	4	0	1	0	0
WGC013308	980N-L	N																							
WGC013309	980T-L	T	Sample_WGC013062R	6	1	59	3	2	4.0 	2	1	2	4	3	0	1	5	1	1	34	1	1	0	0	1
WGC013314	727N-W	N																							
WGC013315	727T-W	T	Sample_WGC013068R	18	1	73	1	3	4.0 	3	1	3	11	3	0	1	6	0	1	12	1	0	0	0	0
WGC013316	884N-L	N																							
WGC013317	884T-L	T	Sample_WGC013070R	13	1	76	3	3	5.0 	2	1	0	0	3	0	0	3	0	0	42	3	0	1	0	0
WGC013318	284N-W	N																							
WGC013319	284T-L	T	Sample_WGC013072R	2	1	52	2	1	4.0 	2	1	1	1	3	0	0	4	0	0	66	2	0	0	0	0
WGC013322	392N-W	N																							
WGC013323	392T-W	T	Sample_WGC013076R	9	2	49	2	3	7.0 	3	3	3	8	3	1	0	8	1	1	8	2	0	1	1	1
WGC013326	407N-L	N																							
WGC013327	407T-W	T	Sample_WGC013080R	5	2	37	3	3	4.0 	3	2	1	1	4	0	0	5	0	1	20	1	0	0	0	0
WGC013328	420N-L	N																							
WGC013329	420T-L	T	Sample_WGC013082R	13	1	74	3	2	5.0 	2	1	4	17	3	0	1	7	1	0	32	3	0	0	0	0
WGC013330	424N-W	N																							
WGC013331	424T-W	T	Sample_WGC013084R	4	2	48	2	3	6.0 	3	2	2	5	4	0	0	6	0	1	24	3	0	0	0	0
WGC013334	356T-L	T		5	1	36	3	3	5.0 	3	2	1	2	2	0	0	3	0	1	9	3	0	0	1	0
WGC013335	356N-L	N																							
WGC013336	360N-W	N																							
WGC013337	360T-W	T	Sample_WGC013090R	17	1	79	3	3	6.0 	2	1	0	0	2	0	0	2	0	0	56	4	0	0	0	0
WGC013338	306N-W	N																							
WGC013339	306T-L	T	Sample_WGC013092R	5	2	63	3	3	4.0 	3	2	0	0	3	0	0	3	0	1	5	2	0	0	0	0
WGC013342	324N-L	N																							
WGC013343	324T-L	T	Sample_WGC013096R	5	1	61	3	2	6.0 	3	2	3	9	4	0	0	7	0	1	4	1	0	1	0	0
WGC013344	315N-L	N																							
WGC013345	315T-L	T	Sample_WGC013098R	10	2	48	2	2	4.0 	3	2	1	1	3	0	0	4	0	0	60	1	0	0	0	0
WGC013346	313N-L	N																							
WGC013347	313T-L	T	Sample_WGC013100R	5	2	57	3	2	5.0 	3	2	2	5	3	0	1	5	0	1	55	1	0	0	1	0
WGC013348	336N-L	N																							
WGC013349	336T-W	T	Sample_WGC013102R	13	1	48	2	2	10.0 	2	1	2	3	3	0	0	5	0	0	60	3	1	1	0	0
WGC013352	384N-L	N																							
WGC013353	384T-L	T	Sample_WGC013106R	13	1	46	2	3	5.0 	2	1	3	9	4	0	0	7	1	0	60	1	0	1	1	0
WGC013354	394N-L	N																							
WGC013355	394T-L	T	Sample_WGC013108R	17	1	73	1	1	3.0 	1	1	1	1	2	0	0	3	0	0	55	3	0	0	0	0
WGC013356	340N-L	N																							
WGC013357	340T-L	T	Sample_WGC013110R	5	1	61	3	2	4.0 	3	2	2	4	3	0	0	5	1	1	31	2	0	0	0	0
WGC013358	367N-W	N																							
WGC013359	367T-W	T	Sample_WGC013112R	5	1	60	3	3	2.0 	3	2	3	9	3	0	0	6	0	1	17	3	0	0	0	0
WGC013360	337N-L	N																							
WGC013361	337T-L	T	Sample_WGC013114R	16	1	59	1	2	5.0 	3	2	2	5	3	0	1	5	0	0	52	4	1	1	0	0
WGC013362	358N-L	N																							
WGC013363	358T-L	T	Sample_WGC013116R	7	1	58	3	2	3.0 	3	1	2	3	2	0	0	4	0	1	36	1	0	0	0	0
WGC013364	561N-L	N																							
WGC013365	561T-L	T	Sample_WGC013118R	7	1	55	3	2	4.0 	3	1	1	2	3	0	1	4	0	0	45	1	0	0	0	0
WGC013372	594N-W	N																							
WGC013373	594T-W	T	Sample_WGC013126R	17	1	62	2	3	6.0 	2	1	3	12	3	0	0	6	0	0	37	2	1	1	1	0
WGC013376	585N-S	N																							
WGC013377	585T-S	T	Sample_WGC013130R	5	1	70	3	2	5.0 	3	2	4	28	3	0	1	6	0	1	10	1	0	1	0	0
WGC013378	546N-S	N																							
WGC013379	546T-S	T	Sample_WGC013132R	4	1	58	3	2	8.0 	3	2	1	2	4	0	0	5	0	1	27	4	0	0	0	0
WGC013382	646N-S	N																							
WGC013383	646T-S	T	Sample_WGC013136R	1	2	74	3	2	8.0 	3	3	1	2	4	0	1	5	0	0	41	3	0	0	1	0
WGC013384	637N-S	N																							
WGC013385	637T-S	T	Sample_WGC013138R	1	1	71	3	1	5.0 	3	3	1	2	3	0	0	4	0	0	42	2	0	0	0	0
WGC013386	622N-S	N																							
WGC013387	622T-S	T	Sample_WGC013140R	1	1	63	3	2	6.0 	3	3	0	0	3	0	0	3	0	0	41	1	0	0	0	0
WGC013388	658N-S	N																							
WGC013389	658T-S	T	Sample_WGC013142R	17	1	60	3	2	5.0 	2	1	0	0	3	0	0	3	0	0	41	3	0	0	0	0
WGC013390	661N-S	N																							
WGC013391	661T-S	T	Sample_WGC013144R	16	2	57	2	3	7.0 	3	2	2	4	3	0	0	5	0	1	20	1	0	0	0	0
WGC013392	276N-S	N																							
WGC013393	276T-S	T	Sample_WGC013146R	11	2	58	3	1	5.0 	3	1	2	5	3	0	0	5	0	1	37	2	0	0	1	0
WGC013394	239N-S	N																							
WGC013395	239T-S	T	Sample_WGC013148R	17	2	58	2	1	5.0 	2	1	0	0	2	0	0	2	0	0	66	3	0	0	1	1
WGC013396	294N-S	N																							
WGC013397	294T-S	T	Sample_WGC013150R	6	1	76	2	3	14.0 	2	1	2	3	4	1	1	8	1	1	29	2	1	0	1	0
WGC013398	228N-S	N																							
WGC013399	228T-S	T	Sample_WGC013152R	17	1	55	3	3	6.0 	2	1	2	5	3	0	1	5	0	1	43	4	0	0	0	0
WGC013400	493N-S	N																							
WGC013401	493T-S	T	Sample_WGC013154R	11	1	54	2	3	5.0 	3	1	2	3	3	0	0	5	0	0	52	1	0	0	0	0
WGC013402	481N-S	N																							
WGC013403	481T-S	T	Sample_WGC013156R	12	2	68	1	2	4.0 	1	1	3	11	4	0	0	7	0	1	15	2	0	1	1	0
WGC013404	475N-S	N																							
WGC013405	475T-S	T	Sample_WGC013158R	1	2	79	3	2	3.0 	3	3	0	0	3	0	0	3	0	0	50	2	0	0	0	0
WGC013406	463N-S	N																							
WGC013407	463T-S	T	Sample_WGC013160R	7	1	66	2	2	5.0 	3	1	2	5	4	0	0	6	0	1	9	1	0	0	0	0
WGC013408	541N-S	N																							
WGC013409	541T-S	T	Sample_WGC013162R	17	1	75	1	2	5.0 	2	1	1	2	3	0	1	4	0	0	45	3	0	0	0	0
WGC013410	1339N-S	N																							
WGC013411	1339T-S	T	Sample_WGC013164R	4	2	41	3	3	5.0 	3	2	0	0	4	0	0	4	0	0	20	1	0	0	0	0
WGC013412	722N-S	N																							
WGC013413	722T-S	T	Sample_WGC013166R	13	1	75	3	2	3.0 	2	1	3	14	3	0	1	6	0	1	35	3	1	0	0	0
WGC013414	856N-S	N																							
WGC013415	856T-S	T	Sample_WGC013168R	8	2	50	4	4	15.0 	3	2	3	15	4	1	1	8	1	1	7	0	1	0	1	0
WGC013420	1092N	N																							
WGC013421	1092T	T	Sample_WGC013174R	15	1	54	3	3	6.0 	4	3	0	0	4	0	0	6	0	1	5	2	0	0	0	0
WGC013422	1156N	N																							
WGC013423	1156T	T	Sample_WGC013176R	15	1	70	3	2	5.0 	4	3	4	21	4	0	0	7	0	1	9	3	1	0	0	0
WGC051457	973-N	N																							
WGC051458	973-T	T		6	1	71	1	3	5.0 	2	1	2	4	3	0	1	5	0	1	21	1	1	0	0	0
WGC051533	1022-N	N																							
WGC051534	1022-T	T		2	1	60	3	3	5.0 	2	1	0	0	2	0	0	2	0	0	30	1	0	0	1	0
WGC051565	1043-N	N																							
WGC051566	1043-T	T		3	1	74	3	3	3.0 	2	1	1	2	2	0	0	3	0	0	39	2	0	0	0	0
WGC051643	1092-N	N																							
WGC051644	1092-T	T	Sample_WGC013174R	15	1	54	3	3	6.0 	4	3	0	0	4	0	0	6	0	1	5	2	0	0	0	0
WGC051756	1156-N	N																							
WGC051757	1156-T	T	Sample_WGC013176R	15	1	70	3	2	5.0 	4	3	4	21	4	0	0	7	0	1	9	3	1	0	0	0
WGC051772	1182-NW	N																							
WGC051773	1182-TW	T		2	1	63	1	3	6.0 	2	1	2	4	4	0	0	7	0	0	16	1	0	0	0	0
WGC051808	1481-NW	N																							
WGC013424	953N	N		16	2	57	2	3	7.0 	3	2	2	4	3	0	0	5	0	1	20	1	0	0	0	0
WGC013425	953T	T																							
WGC013428	920N	N	Sample_WGC013178R																						
WGC013429	920T	T		10	1	53	3	3	4.0 	3	2	2	4	4	0	1	6	0	1	15	1	1	0	1	0
WGC013432	1084N	N	Sample_WGC013182R																						
WGC013433	1084T	T		14	1	57	1	2	6.0 	4	3	3	9	4	0	1	7	0	0	28	3	1	1	1	0
WGC013434	970N	N	Sample_WGC013186R																						
WGC013435	970T	T		14	1	53	1	1	5.0 	4	3	2	4	3	0	0	5	0	1	10	3	0	0	0	0
WGC013444	98F	T	Sample_WGC013188R	9	2	67	3	4	6.0 	3	3	1	2	3	1	1	8	1	1	4	2	0	0	0	0
WGC013445	376T	T	Sample_WGC013197R	5	2	53	3	2	4.0 	3	2	2	5	2	0	0	4	0	1	23	3	0	0	0	0
WGC013446	399T	T	Sample_WGC013198R	18	1	76	3	2	6.0 	3	1	3	10	4	0	0	7	0	1	23	1	0	0	0	0
WGC013450	619T	T	Sample_WGC013199R	6	1	43	2	2	5.0 	2	1	2	4	3	0	0	5	0	1	12	2	0	1	1	0
WGC013451	624T	T	Sample_WGC013203R	1	2	56	2	3	5.0 	3	3	0	0	3	0	0	3	0	0	90	1	0	0	0	0
WGC013452	713T	T	Sample_WGC013204R	2	1	67	2	3	5.0 	2	1	2	4	3	0	0	5	0	0	80	4	0	0	0	0
WGC013453	913T	T	Sample_WGC013205R	14	1	67	3	3	8.0 	4	3	2	4	4	1	1	8	1	1	7	3	0	0	1	0
WGC012904	98N	N	Sample_WGC013206R																						
WGC012905	376N	N																							
WGC012906	399N	N																							
WGC012910	619N	N																							
WGC012911	624N	N																							
WGC012912	713N	N																							
WGC012913	913N	N																							
WGC051076	390-N	N																							
WGC051077	390-T	T		10	1	63	2	2	4.0 	3	2	1	2	3	0	1	4	0	1	33	1	0	0	0	0
WGC051084	396-N	N																							
WGC051085	396-T	T		11	1	74	3	3	8.0 	2	1	1	1	3	0	0	4	0	0	95	3	0	0	0	0
WGC051086	397-N	N																							
WGC051087	397-T	T		7	1	78	3	3	5.0 	3	1	0	0	3	0	1	3	0	0	95	0	0	0	0	0
WGC051092	401-N	N																							
WGC051093	401-T	T		4	1	49	2	4	10.0 	3	2	0	0	3	0	0	3	0	1	25	0	0	0	0	0
WGC051096	403-N	N																							
WGC051097	403-T	T		5	2	70	2	3	10.0 	3	2	0	0	4	0	1	4	1	1	19	2	0	0	0	0
WGC051104	430-N	N																							
WGC051105	430-T	T		13	1	68	3	3	8.0 	2	1	1	2	4	1	0	8	1	1	24	3	0	0	0	0
WGC051110	434-N	N																							
WGC051111	434-T	T		13	1	60	2	3	5.0 	2	1	2	3	3	0	1	5	0	1	21	2	0	1	0	0
WGC051112	435-N	N																							
WGC051113	435-T	T		1	2	75	3	1	7.0 	3	3	3	11	4	0	0	7	0	0	95	1	0	0	0	0
WGC051122	440-N	N																							
WGC051123	440-T	T		1	2	79	2	2	7.0 	3	3	0	0	2	0	0	2	0	0	90	3	0	0	0	0
WGC051138	450-N	N																							
WGC051139	450-T	T		8	2	49	2	4	10.0 	3	2	4	16	4	0	1	7	1	1	4	3	0	0	0	0
WGC051140	451-N	N																							
WGC051141	451-T	T		13	1	60	3	2	7.0 	2	1	3	8	3	0	1	5	0	0	68	1	0	0	0	0
WGC051148	467-N	N																							
WGC051149	467-T	T		8	1	78	3	3	4.0 	3	3	0	0	3	0	0	3	0	1	8	1	0	0	0	0
WGC051176	503-N	N																							
WGC051177	503-T	T		4	1	69	2	2	5.0 	3	2	0	0	3	0	0	3	0	0	90	0	0	0	0	0
WGC051809	1481-TW	T		15	2	64	1	1	10.0 	4	3	2	5	4	0	0	6	0	0	6	3	0	0	0	1
WGC051834	1545-NW	N																							
WGC051835	1545-TW	T		15	2	42	2	2	6.0 	4	3	4	17	4	1	0	8	1	0	6	2	0	1	0	0
WGC051178	505-N	N																							
WGC051179	505-T	T		5	2	49	2	2	6.0 	3	2	4	20	3	1	0	8	0	1	8	4	0	0	0	0
WGC051190	565-N	N																							
WGC051191	565-T	T		17	2	65	3	1	4.0 	2	1	0	0	2	0	0	2	0	0	80	3	1	0	0	0
WGC051244	607-N	N																							
WGC051245	607-T	T		5	2	69	2	3	8.0 	3	2	3	7	3	0	0	5	0	1	22	0	0	1	0	0
WGC051210	575-N	N																							
WGC051211	575-T	T		4	2	48	2	4	10.0 	3	2	4	26	4	1	1	8	1	1	15	2	0	0	1	0
WGC051224	588-N	N																							
WGC051225	588-T	T		9	1	53	3	2	5.0 	3	3	4	25	3	0	1	6	0	1	10	1	0	0	1	1
WGC051264	622-N	N																							
WGC051265	622-T	T		13	2	58	2	2	5.0 	2	1	1	2	3	0	0	5	0	1	12	3	0	1	1	0
WGC051278	637-N	N																							
WGC051279	637-T	T		3	1	64	3	2	5.0 	3	3	2	4	3	0	0	5	0	0	86	1	0	1	1	0
WGC050874	112-N	N																							
WGC050875	112-T	T		6	2	70	3	2	6.0 	2	1	0	0	2	0	0	2	0	0	72	1	0	0	0	0
WGC050878	123-N	N																							
WGC050879	123-F	T		8	2	47	3	2	3.5 	3	2	3	9	3	0	1	6	0	0	72	3	0	0	0	0
WGC050998	336-N	N																							
WGC050999	336-T	T		6	1	64	4	3	14.0 	2	1	2	3	3	1	0	8	1	1	12	1	0	0	0	0
WGC051006	339-NS	N																							
WGC051007	339-TS	T		15	2	62	2	2	5.0 	4	3	1	2	3	0	1	4	1	1	30	3	0	0	0	0
WGC051014	343-N	N																							
WGC051015	343-T	T		13	2	52	3	3	8.0 	2	1	1	1	3	0	1	4	0	0	36	3	0	0	0	0
WGC051022	347-N	N																							
WGC051023	347-T	T		12	2	57	3	1	9.0 	1	1	0	0	3	0	0	3	0	0	6	3	0	0	0	0
WGC051026	349-N	N																							
WGC051027	349-T	T		5	1	63	1	3	6.0 	3	2	3	8	3	0	0	5	0	1	12	1	0	0	0	0
WGC051028	352-N	N																							
WGC051029	352-T	T		10	2	28	3	2	5.0 	3	2	3	7	3	0	0	5	0	0	100	2	0	0	0	0
WGC051030	353-N	N																							
WGC051031	353-T	T		16	1	70	3	2	6.0 	3	2	2	6	4	1	1	8	1	1	7	4	0	0	0	0
WGC051032	355-N	N																							
WGC051033	355-T	T		5	1	56	3	3	6.0 	3	2	3	13	3	1	1	8	1	1	25	4	0	0	0	0
WGC051034	356-N	N																							
WGC051035	356-T	T		13	2	72	3	1	6.0 	2	1	0	0	3	0	0	3	0	0	125	1	0	0	0	0
WGC051038	358-N	N																							
WGC051039	358-T	T		1	1	62	3	2	5.0 	3	3	0	0	3	0	0	3	0	1	30	1	0	0	0	0
WGC051042	360-N	N																							
WGC051043	360-T	T		18	1	61	3	2	6.0 	3	2	4	33	3	1	1	8	1	1	6	3	0	0	0	0
WGC051044	363-N	N																							
WGC051045	363-T	T		5	1	66	3	3	6.0 	3	2	1	1	4	1	1	8	1	1	5	1	0	0	0	0
WGC050880	139-N	N																							
WGC050881	139-F	T		16	1	69	3	3	5.0 	3	2	0	0	4	0	0	4	0	1	48	1	0	0	0	0
WGC050882	140-N	N																							
WGC050883	140-T	T		1	1	77	3	3	5.0 	3	3	0	0	2	0	0	2	0	0	115	1	0	0	0	0
WGC050884	170-N	N																							
WGC050885	170-F	T		17	1	63	3	2	2.0 	2	1	0	0	1	0	0	1	0	0	69	1	0	0	0	0
WGC050892	184-N	N																							
WGC050893	184-F	T		12	1	47	2	2	5.0 	1	1	0	0	3	0	0	3	0	1	37	1	0	0	0	0
WGC050898	194-N	N																							
WGC050899	194-F	T		17	1	64	1	1	8.0 	2	1	0	0	2	0	0	2	0	0	70	1	0	0	0	0
WGC050900	206-N	N																							
WGC050901	206-F	T		10	1	52	3	2	4.0 	3	2	0	0	3	0	0	3	0	0	113	2	0	0	0	0
WGC050902	207-N	N																							
WGC050903	207-F	T		5	2	63	3	0	2.5 	3	2	0	0	1	0	0	1	0	0	113	1	0	0	0	0
WGC050908	267-N	N																							
WGC050909	267-F	T		2	2	72	3	2	4.0 	2	1	2	4	3	0	1	5	0	0	112	3	0	0	0	0
WGC050922	289-N	N																							
WGC050923	289-F	T		18	2	56	2	2	5.0 	3	1	3	11	3	0	1	5	0	1	7	1	0	0	0	0
WGC050952	310-N	N																							
WGC050953	310-T	T		10	2	59	2	2	5.0 	3	2	3	7	3	1	1	8	1	1	18	2	0	0	0	0
WGC050960	314-N	N																							
WGC050961	314-T	T		5	1	71	3	2	8.0 	3	2	2	4	3	1	1	8	1	1	6	1	0	0	0	0
WGC050970	320-N	N																							
WGC050971	320-T	T		15	1	56	2	2	4.0 	4	3	3	9	3	0	1	5	0	1	3	1	0	0	0	0
WGC050972	321-N	N																							
WGC050973	321-T	T		13	1	72	3	2	5.0 	2	1	0	0	3	0	0	3	0	1	64	3	0	0	0	0
WGC050974	322-N	N																							
WGC050975	322-T	T		5	2	53	2	3	7.0 	3	2	3	7	3	0	0	5	0	1	9	4	0	0	0	0
WGC050992	333-N	N																							
WGC050993	333-T	T		11	1	68	1	2	5.0 	2	1	0	0	2	0	0	2	0	0	103	3	0	0	0	0
WGC051046	364-N	N																							
WGC051047	364-T	T		1	1	52	1	3	5.5 	3	3	0	0	3	0	0	3	0	0	120	0	0	0	0	0
WGC051048	365-N	N																							
WGC051049	365-T	T		12	1	55	3	2	2.0 	1	1	0	0	1	0	0	1	0	0	68	2	0	0	0	0
WGC051050	366-N	N																							
WGC051051	366-T	T		2	1	40	2	3	5.0 	2	1	1	1	3	0	0	4	0	0	6	1	0	0	0	0
WGC051052	368-N	N																							
WGC051053	368-T	T		15	2	54	3	2	6.0 	4	3	2	6	2	0	1	4	0	1	29	0	0	0	0	0
WGC051054	369-N	N																							
WGC051055	369-T	T		1	2	38	1	1	7.0 	3	3	2	5	3	0	0	5	0	1	60	2	0	0	0	0
WGC051060	374-N	N																							
WGC051061	374-T	T		8	2	50	2	3	7.0 	3	2	0	0	3	0	0	3	0	1	24	4	0	0	0	0
WGC051064	378-N	N																							
WGC051065	378-T	T		1	2	67	3	2	4.0 	3	3	2	3	2	0	0	4	0	0	96	1	0	0	0	0
WGC051070	385-N	N																							
WGC051071	385-T	T		4	2	60	3	2	5.0 	3	2	0	0	2	0	0	2	0	0	60	1	0	0	0	0
WGC051304	718-N	N																							
WGC051305	718-T	T		11	1	62	2	3	5.0 	2	1	2	3	3	0	0	5	0	0	36	3	0	0	1	0
WGC051314	728-NW	N																							
WGC051315	728-TW	T		18	1	66	3	2	2.5 	3	1	0	0	4	0	1	4	0	1	22	1	0	0	0	0
WGC051348	801-N	N																							
WGC051349	801-T	T		9	1	64	3	3	5.0 	3	3	2	4	3	0	1	5	0	0	6	3	0	0	0	0
WGC051370	836-NL	N																							
WGC051371	836-TL	T		13	1	61	1	3	5.0 	2	1	2	3	3	0	0	5	0	0	33	0	0	0	0	0
